0.724487597002
0.816592842175
0.702142949276
0.851498853655
0.772683354875
0.718158119197
0.687023414725
0.863149784195
0.686823304865
0.803608500745
0.702795941294
0.596035371128
0.780938614866
0.695379749132
0.784037703699
0.697455626793
0.783711863151
0.68889445101
0.677517033949
0.752381980648
0.698866834304
0.554213485727
0.736265365854
0.56531861607
0.688858721165
0.688967561631
0.664849308274
0.707695018512
0.760129448058
0.628438115408
0.63361457625
0.604292293303
0.667552099702
0.666540795633
0.664208755659
0.672476442137
0.579724345401
0.576935616654
0.559929819033
0.566677079344
0.619908442141
0.748128845896
0.663301330205
0.707552566378
0.55568818966
0.662651567583
0.676850563938
0.544994963674
0.549905772596
0.608962915366
0.664131284533
0.698824327107
0.595835555309
0.577763323635
0.663404244818
0.706861646159
0.580420956394
